34928	35048	35167	35286	35405	35524	35644	35763	35882	36001	36120	36240	36359	36478	36597	36716	36836	36955	37074	37193	37313	37432	37551	37670	37789	37909	38028	38147	38266	38385	38505	38624	38743	38862	38981	39101	39220	39339	39458	39577	39697	39816	39935	40054	40174	40293	40412	40531	40650	40770	40889	41008	41127	41246	41366	41485	41604	41723	41842	41962	42081	42200	42319	42439	42558	42677	42796	42915	43035	43154	43273	43392	43511	43631	43750	43869	43988	44107	44227	44346	44465	44584	44703	44823	44942
64	170	1	2	119	0	1953125	12	0.0	0	0.54	0	0	V0.2	0	0	22	23	23	22	22	25	26	26	26	26	28	31	32	31	31	33	36	38	36	36	38	41	42	41	42	41	47	49	49	51	50	64	72	93	103	123	152	177	232	251	308	341	381	470	456	539	538	599	676	700	792	799	879	996	991	999	925	789	714	592	434	345	214	198	147	135	107	82	75	73	83	84	74	62	54	60	66	63	51	40	42	48	48	39	26
64	170	1	2	119	0	1953125	12	0.0	0	0.54	0	0	V0.2	0	0	19	21	22	21	20	22	24	25	24	24	26	29	31	30	30	32	35	37	36	36	38	41	45	43	44	44	51	54	55	57	56	71	80	102	111	132	160	185	240	260	315	346	390	476	464	544	543	607	679	711	795	807	885	1000	999	996	933	782	718	592	434	347	211	201	148	141	115	88	82	79	91	92	81	68	59	68	73	68	55	44	46	52	52	43	31
64	170	1	2	119	0	1953125	12	0.0	0	0.54	0	0	V0.2	0	0	21	24	24	22	22	23	26	27	25	25	28	31	32	31	31	33	36	38	36	35	37	41	43	41	41	40	46	50	49	51	49	63	73	94	104	124	153	178	230	255	306	342	379	470	457	531	537	595	674	696	788	797	868	1000	981	993	921	784	705	586	432	339	209	196	144	134	106	82	74	72	83	84	73	61	53	61	66	62	51	39	40	47	46	38	27
64	170	1	2	119	0	1953125	12	0.0	0	0.54	0	0	V0.2	0	0	19	21	21	20	20	22	23	25	23	23	26	29	30	29	29	31	34	36	34	35	37	41	43	41	43	42	49	53	53	56	54	70	78	101	108	130	159	184	237	257	316	343	389	475	461	544	537	610	674	709	786	803	875	1000	995	983	933	780	714	585	432	344	208	203	145	140	109	85	79	78	90	91	79	66	58	67	71	67	54	43	46	52	51	41	30
64	170	1	2	119	0	1953125	12	0.0	0	0.54	0	0	V0.2	0	0	22	23	23	22	22	24	26	27	26	26	28	31	32	31	31	33	36	37	36	36	38	41	43	41	42	41	46	50	49	52	50	64	72	94	104	123	153	179	230	251	310	338	385	467	458	543	536	606	678	707	788	805	881	1000	997	991	937	791	726	591	439	348	217	206	146	138	106	80	77	74	85	84	73	61	55	62	66	63	50	41	42	48	49	38	27
64	170	1	2	119	0	1953125	12	0.0	0	0.54	0	0	V0.2	0	0	19	21	22	19	19	21	24	25	23	22	26	29	30	29	28	31	35	36	34	34	36	41	44	41	41	41	49	54	53	54	52	68	79	101	109	128	156	187	237	258	311	346	388	473	464	542	540	603	684	697	791	789	871	1000	979	987	913	789	705	585	427	340	209	200	144	138	108	84	80	78	89	89	78	67	60	67	70	66	55	45	46	50	50	41	31
64	170	1	2	119	0	1953125	12	0.0	0	0.54	0	0	V0.2	0	0	21	23	23	22	22	24	27	26	25	25	27	30	32	30	30	32	36	38	35	35	37	40	42	40	41	41	46	50	48	50	49	63	71	95	102	122	151	178	227	249	304	336	380	463	454	532	532	595	671	690	783	789	852	1000	970	981	906	789	707	584	429	340	213	200	145	134	103	79	74	74	84	84	71	60	53	61	66	61	49	40	42	47	46	38	26
64	170	1	2	119	0	1953125	12	0.0	0	0.54	0	0	V0.2	0	0	19	21	22	21	20	22	24	25	24	24	26	29	30	30	30	32	35	37	35	36	38	41	44	42	44	44	51	54	54	57	56	71	78	102	111	129	159	185	237	256	312	347	389	469	461	542	538	599	675	700	787	795	862	1000	980	984	919	781	713	583	429	341	211	199	146	143	110	88	81	80	91	91	80	67	60	68	72	67	54	43	47	53	51	41	30
64	170	1	2	119	0	1953125	12	0.0	0	0.54	0	0	V0.2	0	0	21	23	23	23	22	24	26	26	25	26	27	30	31	31	31	32	35	37	36	35	37	40	42	40	41	40	46	49	49	50	50	63	70	94	103	122	150	177	229	247	303	338	383	458	457	534	535	594	670	695	782	792	858	1000	977	987	915	786	712	584	430	341	216	200	146	135	103	79	75	74	83	84	71	59	53	61	66	62	49	40	43	48	47	37	26
64	170	1	2	119	0	1953125	12	0.0	0	0.54	0	0	V0.2	0	0	19	21	21	20	20	21	23	24	24	23	25	28	30	29	29	31	34	35	34	35	37	40	43	41	42	42	48	52	52	55	54	68	77	101	109	127	157	183	236	254	311	345	389	467	462	541	537	600	674	699	789	795	865	1000	984	983	923	777	715	580	429	341	211	200	145	140	107	85	79	78	88	89	77	65	58	67	71	67	54	44	47	52	51	41	29
64	170	1	2	119	0	1953125	12	0.0	0	0.54	0	0	V0.2	0	0	16	15	13	14	17	19	18	17	16	18	21	22	20	18	20	24	24	24	20	21	24	24	24	18	17	17	20	22	20	23	23	38	49	78	87	109	138	166	219	241	296	329	373	457	448	530	526	594	669	687	788	786	865	1000	987	984	922	793	719	591	424	345	213	198	136	113	77	49	47	44	54	54	47	38	30	39	46	48	41	32	29	35	40	37	27
64	170	1	2	119	0	1953125	12	0.0	0	0.54	0	0	V0.2	0	0	18	20	21	20	20	21	24	24	24	24	26	28	29	30	29	31	34	36	35	35	37	40	43	41	42	42	48	52	53	56	54	69	76	101	109	128	157	185	234	256	309	345	388	468	463	539	540	598	677	695	791	793	862	1000	982	982	911	788	704	585	426	342	211	200	146	139	108	84	79	78	90	90	78	66	59	68	71	67	53	44	46	52	51	40	30
64	170	1	2	119	0	1953125	12	0.0	0	0.54	0	0	V0.2	0	0	21	24	24	21	22	24	26	27	25	25	28	30	31	30	30	33	36	38	35	35	38	41	42	40	41	40	47	50	49	51	49	64	71	94	103	122	151	178	230	249	304	339	383	463	455	533	534	591	672	690	782	788	855	1000	971	982	909	786	705	581	427	339	210	197	143	135	101	79	74	72	82	83	71	60	53	61	65	62	49	39	42	48	47	38	26
64	170	1	2	119	0	1953125	12	0.0	0	0.54	0	0	V0.2	0	0	16	15	15	15	18	19	19	18	18	20	21	21	20	20	22	24	24	24	22	23	25	25	23	19	20	20	21	23	20	23	23	39	49	75	85	107	135	165	216	235	293	326	372	451	444	526	524	588	667	684	777	788	861	1000	977	984	917	795	717	589	430	345	216	198	139	114	79	51	49	47	56	57	49	39	31	40	48	50	42	31	29	36	40	37	28
64	170	1	2	119	0	1953125	12	0.0	0	0.54	0	0	V0.2	0	0	22	24	23	21	22	24	27	26	26	25	28	30	31	30	31	33	35	37	35	36	38	41	43	40	41	41	46	50	48	50	49	64	71	94	102	122	152	178	227	249	304	340	383	462	459	537	536	595	675	698	781	797	864	1000	985	986	920	794	714	592	432	347	217	202	147	135	104	79	76	74	84	83	72	61	54	62	66	62	49	39	42	47	46	38	26
64	170	1	2	119	0	1953125	12	0.0	0	0.54	0	0	V0.2	0	0	21	23	23	22	22	24	26	26	25	26	28	31	31	30	30	33	35	37	35	36	38	41	43	40	41	41	47	49	48	51	49	64	71	95	103	121	151	178	228	249	306	341	382	464	456	537	535	595	676	698	786	801	867	1000	987	987	925	790	716	591	433	347	215	203	145	137	105	80	75	73	83	84	72	60	54	61	66	62	50	40	42	48	48	38	26
64	170	1	2	119	0	1953125	12	0.0	0	0.54	0	0	V0.2	0	0	21	23	23	22	22	24	26	26	25	26	28	31	31	30	30	33	35	37	35	36	38	41	43	40	41	41	47	49	48	51	49	64	71	95	103	121	151	178	228	249	306	341	382	464	456	537	535	595	676	698	786	801	867	1000	987	987	925	790	716	591	433	347	215	203	145	137	105	80	75	73	83	84	72	60	54	61	66	62	50	40	42	48	48	38	26
64	170	1	2	119	0	1953125	12	0.0	0	0.54	0	0	V0.2	0	0	18	18	18	17	19	21	22	21	20	21	24	25	25	24	25	28	29	30	28	28	30	32	32	29	29	30	34	37	34	37	37	52	59	85	93	113	144	172	222	245	302	336	378	459	451	535	530	595	673	693	786	797	867	1000	986	988	924	792	717	588	430	344	212	198	138	125	91	66	62	59	70	72	63	52	45	53	59	59	49	38	37	44	45	39	29
64	170	1	2	119	0	1953125	12	0.0	0	0.54	0	0	V0.2	0	0	21	23	23	22	22	24	26	26	26	26	28	31	31	31	31	33	36	37	35	36	38	40	42	40	41	41	46	49	48	51	50	63	71	95	103	122	152	180	228	252	307	343	385	467	458	540	537	602	677	696	789	794	862	1000	983	984	915	794	709	586	426	344	213	202	144	134	103	79	75	74	83	83	72	61	54	62	66	61	49	40	42	47	47	38	27
64	170	1	2	119	0	1953125	12	0.0	0	0.54	0	0	V0.2	0	0	20	22	21	21	20	22	24	24	24	24	27	29	30	29	29	32	35	37	35	36	37	41	43	42	42	43	50	53	53	55	55	70	78	101	109	130	158	188	235	257	313	344	394	465	467	539	541	603	675	705	784	799	862	1000	980	982	916	783	711	584	429	341	213	200	147	141	109	86	80	80	91	91	79	66	59	68	73	67	54	44	47	53	52	40	30
64	170	1	2	119	0	1953125	12	0.0	0	0.54	0	0	V0.2	0	0	18	20	21	20	20	21	24	25	24	24	26	28	30	29	29	31	34	36	35	35	37	40	43	41	43	42	49	53	53	56	55	70	78	101	111	131	161	184	240	261	316	350	391	480	465	547	540	612	685	698	802	782	881	992	983	1000	900	803	710	587	434	337	217	201	150	138	106	84	79	80	91	90	78	65	60	68	73	67	53	43	48	53	50	40	30
64	170	1	2	119	0	1953125	12	0.0	0	0.54	0	0	V0.2	0	0	18	20	21	20	20	21	24	25	24	24	26	28	30	29	29	31	34	36	35	35	37	40	43	41	43	42	49	53	53	56	55	70	78	101	111	131	161	184	240	261	316	350	391	480	465	547	540	612	685	698	802	782	881	992	983	1000	900	803	710	587	434	337	217	201	150	138	106	84	79	80	91	90	78	65	60	68	73	67	53	43	48	53	50	40	30
64	170	1	2	119	0	1953125	12	0.0	0	0.54	0	0	V0.2	0	0	23	24	23	20	21	25	29	27	25	25	29	33	33	30	30	35	38	39	35	35	38	43	44	41	41	42	48	53	51	51	50	65	76	100	107	127	154	185	238	258	317	342	397	475	470	543	538	618	677	712	796	789	884	996	1000	990	923	798	714	593	432	344	213	204	148	134	106	80	77	76	86	85	73	62	56	64	66	61	51	40	44	48	46	36	28
64	170	1	2	119	0	1953125	12	0.0	0	0.54	0	0	V0.2	0	0	19	21	21	20	20	21	23	24	23	23	26	29	29	29	29	31	34	36	35	35	37	40	43	41	42	43	48	52	52	54	54	69	78	100	111	130	157	190	234	260	312	346	395	468	472	536	540	608	674	702	787	793	871	1000	987	982	914	790	715	585	434	340	213	206	147	139	108	83	80	79	92	90	77	65	59	69	72	67	53	44	48	53	51	39	30
64	170	1	2	119	0	1953125	12	0.0	0	0.54	0	0	V0.2	0	0	19	21	21	20	20	21	23	24	23	23	26	29	29	29	29	31	34	36	35	35	37	40	43	41	42	43	48	52	52	54	54	69	78	100	111	130	157	190	234	260	312	346	395	468	472	536	540	608	674	702	787	793	871	1000	987	982	914	790	715	585	434	340	213	206	147	139	108	83	80	79	92	90	77	65	59	69	72	67	53	44	48	53	51	39	30
64	170	1	2	119	0	1953125	12	0.0	0	0.54	0	0	V0.2	0	0	22	24	24	22	22	24	26	27	26	26	28	31	32	31	31	34	37	38	36	36	39	41	44	42	42	43	47	51	50	52	51	65	74	97	107	126	153	187	232	258	312	346	397	467	472	539	540	614	678	710	792	798	876	999	996	985	924	799	719	591	435	342	214	207	147	137	106	79	78	76	87	85	72	62	54	64	67	63	50	39	43	49	47	37	27
64	170	1	2	119	0	1953125	12	0.0	0	0.54	0	0	V0.2	0	0	19	21	21	21	20	22	24	25	24	24	27	29	30	29	29	32	35	37	35	36	38	42	44	42	44	44	50	55	54	56	57	71	82	102	112	132	159	192	236	263	314	348	398	469	474	541	542	612	677	704	786	796	869	1000	991	984	919	790	713	585	432	341	212	206	147	142	110	85	82	80	93	92	79	67	60	69	73	68	54	44	47	53	51	40	30
64	170	1	2	119	0	1953125	12	0.0	0	0.54	0	0	V0.2	0	0	20	21	21	20	20	21	24	24	24	24	27	29	30	29	30	33	35	36	34	35	38	41	42	41	43	43	49	54	53	55	55	69	80	101	111	131	159	192	235	262	313	347	398	468	473	539	542	611	679	707	785	798	867	1000	988	982	919	792	720	587	434	340	212	205	146	140	108	83	81	79	92	91	78	66	59	69	72	67	54	43	48	53	51	40	29
64	170	1	2	119	0	1953125	12	0.0	0	0.54	0	0	V0.2	0	0	22	24	23	22	22	25	27	27	26	26	29	31	32	31	32	34	36	37	35	36	39	42	44	42	42	43	48	51	50	52	52	65	76	98	107	128	155	189	233	259	313	344	398	466	471	539	539	611	677	709	787	797	872	1000	996	983	925	792	718	592	434	344	211	204	147	138	106	79	76	74	87	86	74	61	54	64	68	63	50	38	43	49	48	38	26
64	170	1	2	119	0	1953125	12	0.0	0	0.54	0	0	V0.2	0	0	22	24	23	21	22	25	26	26	26	26	29	31	32	31	31	34	36	38	35	36	38	41	44	41	41	42	47	51	50	51	51	65	75	97	107	127	154	187	233	257	312	344	396	466	470	540	539	611	678	707	786	797	872	1000	995	981	925	790	721	591	432	345	211	206	145	136	104	77	76	73	86	85	72	60	54	64	67	63	49	39	43	49	47	37	26
64	170	1	2	119	0	1953125	12	0.0	0	0.54	0	0	V0.2	0	0	22	24	23	21	22	25	26	26	26	26	29	31	32	31	31	34	36	38	35	36	38	41	44	41	41	42	47	51	50	51	51	65	75	97	107	127	154	187	233	257	312	344	396	466	470	540	539	611	678	707	786	797	872	1000	995	981	925	790	721	591	432	345	211	206	145	136	104	77	76	73	86	85	72	60	54	64	67	63	49	39	43	49	47	37	26
64	170	1	2	119	0	1953125	12	0.0	0	0.54	0	0	V0.2	0	0	19	21	21	20	20	21	23	24	23	24	26	29	30	29	29	31	34	36	34	34	37	40	43	41	42	43	48	52	52	54	54	68	78	101	111	130	157	190	235	260	312	346	395	467	470	538	540	607	677	702	781	796	863	1000	989	979	921	784	717	585	429	341	209	206	145	138	106	81	80	78	91	89	77	64	58	68	72	66	52	43	47	53	51	39	29
64	170	1	2	119	0	1953125	12	0.0	0	0.54	0	0	V0.2	0	0	22	23	23	22	22	25	27	27	25	26	28	31	31	31	31	33	37	37	35	35	38	41	43	40	41	41	46	50	48	51	50	64	73	94	104	124	153	184	229	254	305	339	388	460	465	533	537	604	673	699	778	798	866	1000	991	977	925	789	724	590	434	347	214	208	146	135	103	77	76	74	86	83	70	60	54	64	67	62	48	40	43	48	47	36	26
64	170	1	2	119	0	1953125	12	0.0	0	0.54	0	0	V0.2	0	0	22	23	23	21	22	24	26	26	24	25	28	31	31	30	31	33	36	37	35	35	38	41	42	40	41	42	46	49	48	49	50	64	72	94	103	124	151	183	231	252	308	340	391	461	464	535	537	608	675	699	781	796	876	1000	997	977	926	795	724	594	431	349	215	211	147	133	102	75	76	75	86	84	70	60	55	64	67	61	48	40	44	48	48	36	26
64	170	1	2	119	0	1953125	12	0.0	0	0.54	0	0	V0.2	0	0	22	23	23	21	22	24	26	26	24	25	28	31	31	30	31	33	36	37	35	35	38	41	42	40	41	42	46	49	48	49	50	64	72	94	103	124	151	183	231	252	308	340	391	461	464	535	537	608	675	699	781	796	876	1000	997	977	926	795	724	594	431	349	215	211	147	133	102	75	76	75	86	84	70	60	55	64	67	61	48	40	44	48	48	36	26
64	170	1	2	119	0	1953125	12	0.0	0	0.54	0	0	V0.2	0	0	19	21	21	20	20	22	24	24	23	24	27	29	29	29	30	32	35	36	34	35	38	41	43	41	42	43	49	54	53	55	55	70	79	101	110	130	158	190	236	258	313	344	396	466	469	539	539	611	674	702	781	796	874	999	997	976	923	790	719	591	430	346	212	209	147	138	107	81	81	80	91	90	76	65	60	69	72	66	52	43	49	53	49	39	29
64	170	1	2	119	0	1953125	12	0.0	0	0.54	0	0	V0.2	0	0	19	21	21	19	20	22	23	23	24	24	26	29	29	28	29	32	34	36	34	34	37	40	42	40	41	42	48	52	51	54	54	68	78	99	109	128	156	188	233	259	309	344	392	463	466	534	537	602	673	697	775	796	859	1000	983	975	916	780	716	583	427	341	208	205	143	137	105	81	79	78	90	88	76	64	58	68	71	66	52	42	47	52	50	38	29
64	170	1	2	119	0	1953125	12	0.0	0	0.54	0	0	V0.2	0	0	19	21	21	19	20	22	23	23	24	24	26	29	29	28	29	32	34	36	34	34	37	40	42	40	41	42	48	52	51	54	54	68	78	99	109	128	156	188	233	259	309	344	392	463	466	534	537	602	673	697	775	796	859	1000	983	975	916	780	716	583	427	341	208	205	143	137	105	81	79	78	90	88	76	64	58	68	71	66	52	42	47	52	50	38	29
64	170	1	2	119	0	1953125	12	0.0	0	0.54	0	0	V0.2	0	0	19	20	20	20	20	22	24	24	24	24	26	29	30	28	29	32	34	36	34	34	37	41	43	41	42	43	49	53	52	54	54	69	80	101	111	131	158	190	237	261	313	345	395	466	472	538	540	607	676	708	782	802	868	1000	999	980	928	786	716	593	428	346	206	205	145	140	110	83	79	77	91	91	78	66	58	67	72	68	54	43	45	52	52	40	29
64	170	1	2	119	0	1953125	12	0.0	0	0.54	0	0	V0.2	0	0	22	23	24	22	23	24	27	26	25	26	28	31	32	31	31	33	36	38	36	36	38	41	43	41	41	42	46	51	49	52	51	64	74	95	105	125	153	183	232	252	309	340	390	464	465	538	538	608	674	703	786	798	875	1000	999	985	930	795	723	596	433	350	213	208	147	135	105	78	77	75	85	84	72	61	54	63	66	62	49	40	43	48	47	37	27
64	170	1	2	119	0	1953125	12	0.0	0	0.54	0	0	V0.2	0	0	19	21	22	20	20	21	24	24	24	24	26	29	30	29	29	32	35	36	35	35	38	41	43	41	43	43	49	53	53	55	55	69	80	100	109	130	157	189	235	258	311	344	394	466	469	538	541	611	677	706	785	801	873	1000	997	982	924	796	721	595	431	347	215	209	148	138	110	83	83	81	93	90	77	66	60	69	72	66	53	45	48	53	51	39	30
64	170	1	2	119	0	1953125	12	0.0	0	0.54	0	0	V0.2	0	0	21	23	23	22	22	24	26	27	25	26	28	31	32	31	30	33	36	38	35	35	38	41	43	41	42	42	46	51	49	51	50	64	74	95	106	126	152	185	231	257	307	342	389	462	467	533	539	602	674	704	779	802	861	1000	992	980	923	785	719	591	429	345	208	203	143	135	105	78	76	73	85	85	72	61	53	63	67	63	49	38	42	48	47	38	26
64	170	1	2	119	0	1953125	12	0.0	0	0.54	0	0	V0.2	0	0	22	23	24	22	22	24	26	27	26	25	28	31	32	31	31	33	36	38	36	35	38	40	43	41	41	42	46	50	48	52	50	64	74	94	106	125	152	184	228	257	305	342	386	462	464	533	538	595	676	697	780	799	855	1000	983	986	917	786	718	585	432	344	210	203	143	137	105	78	75	73	85	85	72	61	53	63	67	62	49	39	43	48	47	38	26
64	170	1	2	119	0	1953125	12	0.0	0	0.54	0	0	V0.2	0	0	22	23	24	22	22	24	26	27	26	25	28	31	32	31	31	33	36	38	36	35	38	40	43	41	41	42	46	50	48	52	50	64	74	94	106	125	152	184	228	257	305	342	386	462	464	533	538	595	676	697	780	799	855	1000	983	986	917	786	718	585	432	344	210	203	143	137	105	78	75	73	85	85	72	61	53	63	67	62	49	39	43	48	47	38	26
64	170	1	2	119	0	1953125	12	0.0	0	0.54	0	0	V0.2	0	0	22	24	24	22	22	24	26	27	26	26	28	30	32	31	31	33	36	37	36	36	38	41	43	41	42	42	46	51	50	51	50	64	74	95	104	125	152	184	230	254	307	339	387	459	465	536	537	606	673	707	785	798	868	996	1000	988	927	797	718	598	434	349	214	205	148	136	108	80	78	74	86	87	74	61	54	63	68	64	51	40	43	49	49	38	27
64	170	1	2	119	0	1953125	12	0.0	0	0.54	0	0	V0.2	0	0	22	24	24	22	22	24	26	27	26	26	28	30	32	31	31	33	36	37	36	36	38	41	43	41	42	42	46	51	50	51	50	64	74	95	104	125	152	184	230	254	307	339	387	459	465	536	537	606	673	707	785	798	868	996	1000	988	927	797	718	598	434	349	214	205	148	136	108	80	78	74	86	87	74	61	54	63	68	64	51	40	43	49	49	38	27
64	170	1	2	119	0	1953125	12	0.0	0	0.54	0	0	V0.2	0	0	19	21	22	20	20	21	24	25	24	24	26	29	30	30	29	31	34	36	35	36	37	41	44	43	43	44	49	54	54	57	56	69	79	102	112	132	157	188	238	261	315	346	391	466	470	539	541	604	679	712	794	808	871	998	1000	989	933	790	716	594	435	348	210	201	148	141	115	87	82	79	91	93	81	68	59	67	72	69	56	44	47	53	53	42	31
64	170	1	2	119	0	1953125	12	0.0	0	0.54	0	0	V0.2	0	0	19	21	22	20	20	21	24	25	24	24	26	29	30	30	29	31	34	36	35	36	37	41	44	43	43	44	49	54	54	57	56	69	79	102	112	132	157	188	238	261	315	346	391	466	470	539	541	604	679	712	794	808	871	998	1000	989	933	790	716	594	435	348	210	201	148	141	115	87	82	79	91	93	81	68	59	67	72	69	56	44	47	53	53	42	31
64	170	1	2	119	0	1953125	12	0.0	0	0.54	0	0	V0.2	0	0	21	23	23	21	22	24	26	26	25	26	28	31	32	31	30	33	36	37	36	36	38	41	43	42	42	43	46	51	50	52	51	64	75	96	107	126	153	184	230	258	309	344	386	464	466	535	541	598	679	704	786	805	858	999	991	995	929	789	718	591	435	347	210	201	145	138	110	82	76	73	85	87	75	63	53	62	67	65	52	40	41	49	49	39	28
64	170	1	2	119	0	1953125	12	0.0	0	0.54	0	0	V0.2	0	0	22	24	24	22	22	25	27	27	26	25	28	32	32	31	30	33	37	39	36	35	38	41	43	42	41	41	46	52	51	52	50	63	74	97	106	125	152	182	231	256	307	340	384	463	466	535	539	600	678	705	786	804	866	1000	998	992	933	797	719	598	434	352	214	204	149	136	109	80	77	74	84	95	83	70	60	68	74	70	57	44	46	52	51	43	31
